     0/299     6.48G      3.77      6.82      4.43        15       162       416    0.0744    0.0205    0.0154    0.0206      3.39      4.63      3.21
     1/299     7.31G      3.25      5.44      2.96      11.6       245       416     0.179    0.0902    0.0674    0.0913         3      3.95      2.51
     2/299     7.31G      2.99      4.73      2.35      10.1       270       416     0.251     0.208     0.155     0.207      2.74      3.43      1.87
     3/299     7.31G       2.8      4.24      1.94      8.97       219       416     0.314     0.266     0.223     0.274      2.57      3.09      1.57
     4/299     7.31G      2.67       3.9      1.77      8.35       133       416     0.345     0.291     0.252     0.303      2.47      2.86      1.44
     5/299     7.31G      2.61      3.64      1.69      7.94       265       416     0.376     0.298      0.27     0.319      2.41      2.66      1.38
     6/299     7.31G      2.57      3.51      1.67      7.75       138       416     0.375     0.309     0.279     0.325      2.37      2.64      1.33
     7/299     7.31G      2.54      3.51      1.65       7.7       169       416     0.378     0.315     0.286      0.33      2.35      2.63      1.31
     8/299     7.31G      2.53      3.51      1.63      7.66       179       416     0.381     0.323     0.291     0.337      2.33      2.62      1.29
     9/299     7.31G      2.51       3.5      1.62      7.64       126       416     0.383     0.326     0.294      0.34      2.32      2.62      1.28
    10/299     7.31G       2.5       3.5      1.62      7.62       155       416     0.383     0.327     0.296     0.341      2.31      2.61      1.27
    11/299     7.31G      2.49      3.49      1.61       7.6       180       416     0.384     0.327     0.297     0.341      2.31      2.61      1.27
    12/299     7.31G      2.48      3.49      1.61      7.58       158       416     0.387     0.327     0.299     0.343       2.3      2.61      1.26
    13/299     7.31G      2.48      3.49      1.59      7.56       222       416     0.391     0.328       0.3     0.345      2.29      2.61      1.26
    14/299     7.31G      2.47      3.49      1.59      7.55       209       416     0.396     0.328       0.3     0.346      2.29       2.6      1.26
    15/299     7.31G      2.47      3.49      1.59      7.54       188       416     0.399     0.327     0.301     0.347      2.29       2.6      1.25
    16/299     7.31G      2.46      3.49      1.58      7.53       184       416     0.402     0.328     0.302     0.348      2.28       2.6      1.25
    17/299     7.31G      2.45      3.48      1.58      7.52       234       416     0.404     0.327     0.303     0.348      2.28       2.6      1.25
    18/299     7.31G      2.45      3.49      1.57      7.51       262       416     0.406     0.328     0.304      0.35      2.27       2.6      1.25
    19/299     7.31G      2.45      3.48      1.57       7.5       189       416     0.409     0.327     0.304     0.349      2.27      2.59      1.25
    20/299     7.31G      2.44      3.47      1.57      7.48       114       416     0.411     0.328     0.306     0.351      2.26      2.59      1.24
    21/299     7.31G      2.43      3.47      1.57      7.47       238       416     0.413     0.328     0.307     0.352      2.26      2.59      1.24
    22/299     7.31G      2.44      3.47      1.56      7.47       199       416     0.416      0.33     0.308     0.354      2.26      2.59      1.24
    23/299     7.31G      2.43      3.47      1.56      7.46       218       416     0.416     0.331     0.309     0.355      2.25      2.59      1.24
    24/299     7.31G      2.43      3.47      1.56      7.46       166       416     0.417     0.332      0.31     0.356      2.25      2.59      1.23
    25/299     7.31G      2.42      3.47      1.55      7.44       210       416     0.419     0.333     0.311     0.357      2.25      2.58      1.23
    26/299     7.31G      2.42      3.47      1.55      7.44       138       416     0.418     0.334     0.313     0.358      2.24      2.58      1.23
    27/299     7.31G      2.42      3.47      1.55      7.43       219       416     0.419     0.336     0.313      0.36      2.24      2.58      1.23
    28/299     7.31G      2.41      3.47      1.55      7.43       166       416     0.419     0.336     0.314      0.36      2.24      2.58      1.22
    29/299     7.31G      2.41      3.47      1.55      7.43       172       416     0.419     0.338     0.315     0.361      2.23      2.58      1.22
    30/299     7.31G      2.41      3.46      1.54      7.41       164       416     0.421     0.339     0.316     0.363      2.23      2.58      1.22
    31/299     7.31G      2.41      3.46      1.54      7.41       130       416     0.418      0.34     0.317     0.362      2.23      2.57      1.22
    32/299     7.31G       2.4      3.47      1.54       7.4       166       416     0.418      0.34     0.317     0.363      2.22      2.57      1.21
    33/299     7.31G       2.4      3.46      1.54       7.4       202       416     0.415     0.341     0.318     0.362      2.22      2.57      1.21
    34/299     7.31G       2.4      3.46      1.53      7.39       207       416     0.415     0.343     0.319     0.363      2.22      2.57      1.21
    35/299     7.31G      2.39      3.46      1.54      7.39       135       416     0.416     0.345      0.32     0.364      2.22      2.57      1.21
    36/299     7.31G      2.39      3.46      1.52      7.38       130       416     0.414     0.346      0.32     0.364      2.21      2.57      1.21
    37/299     7.31G      2.39      3.46      1.53      7.38       197       416     0.414     0.348     0.321     0.365      2.21      2.57       1.2
    38/299     7.31G      2.39      3.45      1.52      7.37       137       416     0.414     0.349     0.322     0.366      2.21      2.56       1.2
    39/299     7.31G      2.39      3.46      1.52      7.37       134       416     0.413     0.349     0.323     0.366      2.21      2.56       1.2
    40/299     7.31G      2.39      3.45      1.52      7.36       166       416     0.415     0.351     0.323     0.368      2.21      2.56       1.2
    41/299     7.31G      2.39      3.45      1.52      7.36       158       416     0.413     0.352     0.324     0.368       2.2      2.56       1.2
    42/299     7.31G      2.38      3.46      1.52      7.36       186       416     0.412     0.354     0.325     0.369       2.2      2.56      1.19
    43/299     7.31G      2.38      3.45      1.52      7.34       212       416     0.412     0.355     0.325     0.369       2.2      2.56      1.19
    44/299     7.31G      2.38      3.45      1.52      7.35       192       416     0.412     0.356     0.326      0.37       2.2      2.56      1.19
    45/299     7.31G      2.37      3.45      1.51      7.33       199       416     0.414     0.357     0.327     0.371      2.19      2.56      1.19
    46/299     7.31G      2.37      3.44      1.51      7.33       143       416     0.413     0.358     0.327     0.372      2.19      2.56      1.19
    47/299     7.31G      2.37      3.45      1.51      7.33       164       416     0.413     0.358     0.328     0.371      2.19      2.56      1.19
    48/299     7.31G      2.37      3.45      1.51      7.33       239       416     0.413     0.359     0.328     0.372      2.19      2.56      1.18
    49/299     7.31G      2.37      3.45      1.51      7.33       190       416      0.41     0.359     0.328     0.371      2.19      2.55      1.18
    50/299     7.31G      2.37      3.45      1.51      7.33       241       416     0.411     0.359     0.328     0.371      2.19      2.55      1.18
    51/299     7.31G      2.37      3.46      1.51      7.35       219       416     0.409     0.359     0.328     0.371      2.19      2.55      1.18
    52/299     7.31G      2.36      3.45       1.5      7.32       189       416      0.41      0.36     0.328     0.372      2.18      2.55      1.18
    53/299     7.31G      2.36      3.44       1.5      7.31       105       416      0.41      0.36     0.329     0.372      2.18      2.55      1.18
    54/299     7.31G      2.36      3.45      1.51      7.32       177       416      0.41      0.36     0.329     0.373      2.18      2.55      1.17
    55/299     7.31G      2.36      3.45       1.5      7.31       207       416      0.41     0.361     0.329     0.373      2.18      2.55      1.17
    56/299     7.31G      2.36      3.45       1.5      7.31       205       416      0.41     0.361      0.33     0.373      2.18      2.55      1.17
    57/299     7.31G      2.36      3.44       1.5       7.3       164       416      0.41      0.36      0.33     0.373      2.18      2.55      1.17
    58/299     7.31G      2.35      3.44       1.5       7.3       150       416      0.41     0.362      0.33     0.374      2.18      2.55      1.17
    59/299     7.31G      2.36      3.44       1.5      7.29       148       416     0.409     0.362      0.33     0.373      2.18      2.55      1.17
    60/299     7.31G      2.35      3.45       1.5      7.29       125       416     0.407     0.362     0.331     0.373      2.18      2.55      1.17
    61/299     7.31G      2.35      3.45       1.5      7.29       257       416     0.408     0.362     0.331     0.373      2.17      2.55      1.17
    62/299     7.31G      2.35      3.44      1.49      7.28       127       416     0.407     0.364     0.332     0.373      2.17      2.55      1.16
    63/299     7.31G      2.34      3.44      1.49      7.28       201       416     0.409     0.364     0.332     0.374      2.17      2.55      1.16
    64/299     7.31G      2.35      3.44      1.49      7.28       213       416     0.408     0.364     0.333     0.374      2.17      2.55      1.16
    65/299     7.31G      2.34      3.43      1.49      7.26       143       416     0.406     0.364     0.333     0.374      2.17      2.55      1.16
    66/299     7.31G      2.35      3.44      1.49      7.28       188       416     0.407     0.366     0.334     0.375      2.17      2.55      1.16
    67/299     7.31G      2.34      3.44      1.48      7.26       155       416     0.404     0.366     0.334     0.374      2.17      2.55      1.16
    68/299     7.31G      2.34      3.44      1.48      7.26       230       416     0.403     0.366     0.334     0.373      2.17      2.54      1.16
    69/299     7.31G      2.34      3.43      1.49      7.26       181       416     0.404     0.367     0.335     0.374      2.17      2.54      1.15
    70/299     7.31G      2.34      3.44      1.48      7.26       153       416     0.406     0.367     0.336     0.375      2.16      2.54      1.15
    71/299     7.31G      2.34      3.43      1.48      7.25       168       416     0.407     0.368     0.336     0.376      2.16      2.54      1.15
    72/299     7.31G      2.34      3.44      1.48      7.25       206       416     0.405     0.367     0.336     0.375      2.16      2.54      1.15
    73/299     7.31G      2.33      3.43      1.48      7.24       197       416     0.404     0.368     0.337     0.375      2.16      2.54      1.15
    74/299     7.31G      2.33      3.44      1.47      7.24       158       416     0.404     0.368     0.337     0.376      2.16      2.54      1.15
    75/299     7.31G      2.33      3.43      1.48      7.24       247       416     0.404     0.368     0.338     0.375      2.16      2.54      1.15
    76/299     7.31G      2.33      3.43      1.48      7.24       217       416     0.406     0.369     0.338     0.377      2.16      2.54      1.15
    77/299     7.31G      2.33      3.44      1.47      7.24       166       416     0.406     0.369     0.338     0.377      2.16      2.54      1.15
    78/299     7.31G      2.33      3.44      1.47      7.24       188       416     0.406      0.37     0.338     0.377      2.16      2.54      1.15
    79/299     7.31G      2.33      3.42      1.47      7.22       165       416     0.407      0.37     0.338     0.378      2.16      2.54      1.14
    80/299     7.31G      2.32      3.44      1.47      7.24       149       416     0.405      0.37     0.338     0.377      2.15      2.54      1.14
    81/299     7.31G      2.32      3.44      1.47      7.23       213       416     0.404     0.371     0.338     0.377      2.15      2.54      1.14
    82/299     7.31G      2.32      3.44      1.47      7.23       220       416     0.403      0.37     0.338     0.376      2.15      2.54      1.14
    83/299     7.31G      2.32      3.44      1.47      7.22       137       416     0.403     0.369     0.337     0.375      2.15      2.54      1.14
    84/299     7.31G      2.32      3.43      1.46      7.21       208       416     0.403      0.37     0.338     0.376      2.15      2.54      1.14
    85/299     7.31G      2.32      3.43      1.46      7.21       177       416     0.404     0.371     0.338     0.377      2.15      2.54      1.14
    86/299     7.31G      2.32      3.43      1.46      7.21       201       416     0.403     0.372     0.339     0.377      2.15      2.54      1.14
    87/299     7.31G      2.31      3.43      1.46      7.21       220       416     0.403     0.371      0.34     0.376      2.15      2.54      1.14
    88/299     7.31G      2.31      3.43      1.46       7.2       179       416     0.404     0.371     0.339     0.377      2.15      2.54      1.14
    89/299     7.31G      2.31      3.43      1.46       7.2       186       416     0.405     0.373     0.341     0.379      2.15      2.54      1.13
    90/299     7.31G      2.31      3.42      1.46      7.19       177       416     0.406     0.374     0.341      0.38      2.15      2.53      1.13
    91/299     7.31G      2.31      3.43      1.46       7.2       172       416     0.408     0.376     0.342     0.381      2.15      2.53      1.13
    92/299     7.31G      2.31      3.43      1.46      7.19       176       416     0.406     0.375     0.342      0.38      2.14      2.53      1.13
    93/299     7.31G       2.3      3.42      1.45      7.18       176       416     0.406     0.375     0.342     0.381      2.14      2.53      1.13
    94/299     7.31G       2.3      3.43      1.45      7.18        92       416     0.406     0.375     0.342      0.38      2.14      2.53      1.13
    95/299     7.31G       2.3      3.42      1.45      7.18       128       416     0.407     0.375     0.343     0.381      2.14      2.53      1.13
    96/299     7.31G       2.3      3.43      1.45      7.18       161       416     0.407     0.376     0.342     0.382      2.14      2.53      1.13
    97/299     7.31G       2.3      3.44      1.45      7.19       224       416     0.406     0.376     0.343     0.381      2.14      2.53      1.13
    98/299     7.31G       2.3      3.42      1.45      7.17       187       416     0.406     0.376     0.344     0.381      2.14      2.53      1.13
    99/299     7.31G       2.3      3.42      1.45      7.17       153       416     0.407     0.376     0.344     0.382      2.14      2.53      1.13
   100/299     7.31G      2.29      3.43      1.44      7.16       197       416     0.408     0.377     0.344     0.382      2.14      2.53      1.13
   101/299     7.31G       2.3      3.43      1.44      7.16       160       416     0.407     0.377     0.344     0.382      2.14      2.53      1.13
   102/299     7.31G      2.29      3.42      1.45      7.16       193       416     0.408     0.377     0.344     0.383      2.13      2.53      1.13
   103/299     7.31G      2.29      3.42      1.44      7.15       163       416     0.408     0.378     0.344     0.383      2.13      2.53      1.13
   104/299     7.31G      2.29      3.42      1.44      7.15       213       416     0.407     0.378     0.344     0.383      2.13      2.53      1.12
   105/299     7.31G      2.29      3.43      1.44      7.16       139       416     0.408     0.379     0.345     0.383      2.13      2.53      1.12
   106/299     7.31G      2.29      3.42      1.44      7.15       171       416     0.407     0.378     0.345     0.383      2.13      2.53      1.12
   107/299     7.31G      2.29      3.43      1.43      7.14       201       416     0.408     0.378     0.345     0.384      2.13      2.53      1.12
   108/299     7.31G      2.28      3.42      1.44      7.14       200       416     0.408     0.378     0.345     0.383      2.13      2.53      1.12
   109/299     7.31G      2.28      3.42      1.44      7.14       166       416     0.409     0.379     0.345     0.384      2.13      2.53      1.12
   110/299     7.31G      2.28      3.42      1.43      7.14       214       416     0.409     0.381     0.346     0.385      2.13      2.53      1.12
   111/299     7.31G      2.28      3.42      1.43      7.14       188       416     0.411     0.381     0.346     0.386      2.13      2.53      1.12
   112/299     7.31G      2.28      3.42      1.43      7.13       125       416      0.41     0.381     0.346     0.386      2.13      2.53      1.12
   113/299     7.31G      2.28      3.41      1.42      7.11       187       416     0.411     0.382     0.347     0.386      2.13      2.53      1.12
   114/299     7.31G      2.28      3.41      1.43      7.12       213       416     0.411     0.383     0.346     0.387      2.13      2.53      1.12
   115/299     7.31G      2.28      3.42      1.42      7.12       188       416     0.409     0.384     0.347     0.387      2.13      2.53      1.12
   116/299     7.31G      2.27      3.42      1.42      7.11       181       416     0.409     0.384     0.347     0.387      2.13      2.53      1.11
   117/299     7.31G      2.27      3.41      1.42       7.1       191       416     0.408     0.384     0.348     0.387      2.12      2.53      1.11
   118/299     7.31G      2.27      3.42      1.42      7.11       182       416     0.408     0.383     0.348     0.386      2.12      2.53      1.11
   119/299     7.31G      2.27      3.42      1.42       7.1       146       416     0.409     0.384     0.349     0.387      2.12      2.53      1.11
   120/299     7.31G      2.27       3.4      1.41      7.09       220       416     0.408     0.384     0.349     0.387      2.12      2.53      1.11
   121/299     7.31G      2.27      3.41      1.42      7.09       247       416     0.409     0.384      0.35     0.387      2.12      2.53      1.11
   122/299     7.31G      2.26       3.4      1.42      7.08       154       416      0.41     0.384      0.35     0.388      2.12      2.52      1.11
   123/299     7.31G      2.27       3.4      1.41      7.08       156       416      0.41     0.384      0.35     0.388      2.12      2.52      1.11
   124/299     7.31G      2.26      3.41      1.41      7.08       303       416     0.409     0.384      0.35     0.387      2.12      2.52      1.11
   125/299     7.31G      2.26      3.41      1.41      7.08       117       416     0.408     0.384      0.35     0.386      2.12      2.52       1.1
   126/299     7.31G      2.26      3.41      1.41      7.08       170       416     0.406     0.383      0.35     0.385      2.12      2.52       1.1
   127/299     7.31G      2.26       3.4       1.4      7.06       197       416     0.406     0.383      0.35     0.385      2.12      2.52       1.1
   128/299     7.31G      2.26       3.4      1.41      7.07       131       416     0.405     0.384      0.35     0.385      2.12      2.52       1.1
   129/299     7.31G      2.26      3.41       1.4      7.07       204       416     0.406     0.384     0.351     0.386      2.12      2.52       1.1
   130/299     7.31G      2.26      3.41       1.4      7.06       187       416     0.408     0.386     0.352     0.388      2.12      2.52       1.1
   131/299     7.31G      2.25       3.4       1.4      7.05       113       416     0.408     0.387     0.352     0.388      2.12      2.52       1.1
   132/299     7.31G      2.25      3.41       1.4      7.06       261       416     0.406     0.386     0.352     0.387      2.11      2.52       1.1
   133/299     7.31G      2.25       3.4       1.4      7.04       163       416     0.407     0.387     0.353     0.388      2.11      2.52       1.1
   134/299     7.31G      2.25      3.41       1.4      7.06       142       416     0.409     0.387     0.353     0.389      2.11      2.52       1.1
   135/299     7.31G      2.25       3.4       1.4      7.04       180       416     0.407     0.388     0.353     0.389      2.11      2.52       1.1
   136/299     7.31G      2.25       3.4      1.39      7.04       129       416     0.408     0.389     0.354      0.39      2.11      2.52       1.1
   137/299     7.31G      2.25       3.4      1.39      7.04       243       416     0.407     0.389     0.354     0.389      2.11      2.52       1.1
   138/299     7.31G      2.24      3.39      1.39      7.02       142       416     0.408     0.388     0.354     0.389      2.11      2.52      1.09
   139/299     7.31G      2.24       3.4      1.39      7.03       214       416     0.407     0.389     0.355     0.389      2.11      2.52      1.09
   140/299     7.31G      2.24      3.41      1.39      7.04       157       416     0.407     0.389     0.355     0.389      2.11      2.52      1.09
   141/299     7.31G      2.24      3.39      1.39      7.01       249       416     0.408      0.39     0.355      0.39      2.11      2.52      1.09
   142/299     7.31G      2.24       3.4      1.39      7.02       168       416     0.407     0.391     0.357      0.39      2.11      2.52      1.09
   143/299     7.31G      2.24      3.39      1.38      7.01       159       416     0.409     0.392     0.357     0.391      2.11      2.52      1.09
   144/299     7.31G      2.24      3.39      1.38      7.01       135       416     0.406     0.391     0.356     0.389      2.11      2.52      1.09
   145/299     7.31G      2.24      3.39      1.38      7.01       185       416     0.404      0.39     0.356     0.388      2.11      2.52      1.09
   146/299     7.31G      2.23      3.39      1.38         7       200       416     0.405     0.391     0.356     0.389       2.1      2.52      1.09
   147/299     7.31G      2.23       3.4      1.38         7       151       416     0.406     0.392     0.356      0.39       2.1      2.52      1.09
   148/299     7.31G      2.23      3.38      1.37      6.98       170       416     0.407     0.393     0.357     0.391       2.1      2.52      1.08
   149/299     7.31G      2.23      3.38      1.37      6.99       148       416     0.408     0.394     0.358     0.392       2.1      2.52      1.08
   150/299     7.31G      2.23      3.39      1.37      6.98       110       416     0.407     0.394     0.358     0.392       2.1      2.52      1.08
   151/299     7.31G      2.22      3.39      1.37      6.98       186       416     0.407     0.394     0.358     0.392       2.1      2.52      1.08
   152/299     7.31G      2.23      3.39      1.37      6.99       140       416     0.408     0.394     0.358     0.392       2.1      2.52      1.08
   153/299     7.31G      2.22      3.39      1.36      6.98       134       416     0.407     0.393     0.358     0.392       2.1      2.51      1.08
   154/299     7.31G      2.22       3.4      1.36      6.99       214       416     0.405     0.392     0.358      0.39       2.1      2.51      1.08
   155/299     7.31G      2.22      3.38      1.36      6.96       162       416     0.404     0.392     0.359     0.389       2.1      2.51      1.08
   156/299     7.31G      2.22      3.39      1.36      6.97       176       416     0.406     0.393     0.358     0.391       2.1      2.51      1.08
   157/299     7.31G      2.22      3.38      1.36      6.96       163       416     0.406     0.393     0.358     0.391       2.1      2.51      1.08
   158/299     7.31G      2.21      3.39      1.36      6.96       184       416     0.406     0.393     0.359     0.391       2.1      2.51      1.07
   159/299     7.31G      2.21      3.38      1.36      6.94        98       416     0.407     0.393     0.358     0.391      2.09      2.51      1.07
   160/299     7.31G      2.21      3.37      1.35      6.93       159       416     0.407     0.394     0.359     0.391      2.09      2.51      1.07
   161/299     7.31G      2.21      3.38      1.35      6.94       144       416     0.407     0.394     0.359     0.392      2.09      2.51      1.07
   162/299     7.31G      2.21      3.39      1.35      6.94       185       416     0.408     0.396     0.359     0.393      2.09      2.51      1.07
   163/299     7.31G      2.21      3.39      1.35      6.94       142       416     0.407     0.395     0.359     0.392      2.09      2.51      1.07
   164/299     7.31G       2.2      3.37      1.34      6.92       141       416     0.406     0.395      0.36     0.392      2.09      2.51      1.07
   165/299     7.31G       2.2      3.37      1.34      6.91       192       416     0.406     0.396     0.361     0.393      2.09      2.51      1.07
   166/299     7.31G       2.2      3.38      1.35      6.93       131       416     0.406     0.396     0.362     0.393      2.09      2.51      1.07
   167/299     7.31G       2.2      3.38      1.34      6.92       240       416     0.405     0.396     0.362     0.392      2.09      2.51      1.07
   168/299     7.31G       2.2      3.36      1.34       6.9       101       416     0.405     0.397     0.362     0.393      2.09      2.51      1.07
   169/299     7.31G       2.2      3.38      1.34      6.91       159       416     0.405     0.397     0.362     0.393      2.09      2.51      1.07
   170/299     7.31G      2.19      3.37      1.33       6.9       201       416     0.405     0.398     0.362     0.393      2.09      2.51      1.06
   171/299     7.31G      2.19      3.37      1.33       6.9       149       416     0.406     0.399     0.362     0.394      2.09       2.5      1.06
   172/299     7.31G      2.19      3.36      1.33      6.89       182       416     0.407       0.4     0.364     0.395      2.09       2.5      1.06
   173/299     7.31G      2.19      3.37      1.33      6.89       158       416     0.408       0.4     0.364     0.395      2.08       2.5      1.06
   174/299     7.31G      2.19      3.37      1.33      6.88       176       416     0.408       0.4     0.364     0.395      2.08       2.5      1.06
   175/299     7.31G      2.19      3.36      1.33      6.88       207       416     0.409       0.4     0.364     0.396      2.08       2.5      1.06
   176/299     7.31G      2.19      3.37      1.32      6.88       236       416     0.408       0.4     0.364     0.396      2.08       2.5      1.06
   177/299     7.31G      2.19      3.36      1.33      6.88       183       416     0.408     0.401     0.364     0.396      2.08       2.5      1.06
   178/299     7.31G      2.18      3.36      1.32      6.86       179       416     0.408     0.401     0.365     0.396      2.08       2.5      1.06
   179/299     7.31G      2.18      3.37      1.32      6.87       131       416     0.407     0.401     0.365     0.396      2.08       2.5      1.06
   180/299     7.31G      2.18      3.36      1.32      6.86       211       416     0.409     0.403     0.365     0.398      2.08       2.5      1.06
   181/299     7.31G      2.18      3.36      1.32      6.86       161       416     0.409     0.403     0.365     0.398      2.08       2.5      1.06
   182/299     7.31G      2.18      3.36      1.31      6.84       177       416      0.41     0.404     0.366     0.398      2.08       2.5      1.06
   183/299     7.31G      2.17      3.35      1.31      6.84       249       416     0.408     0.403     0.366     0.397      2.08       2.5      1.05
   184/299     7.31G      2.18      3.36      1.31      6.84       186       416     0.409     0.404     0.366     0.398      2.08       2.5      1.05
   185/299     7.31G      2.17      3.35      1.31      6.83       191       416     0.408     0.404     0.366     0.398      2.08       2.5      1.05
   186/299     7.31G      2.17      3.36       1.3      6.83       152       416     0.408     0.405     0.366     0.398      2.08       2.5      1.05
   187/299     7.31G      2.17      3.36       1.3      6.83       190       416     0.407     0.405     0.366     0.398      2.08       2.5      1.05
   188/299     7.31G      2.17      3.35       1.3      6.82       171       416     0.406     0.405     0.367     0.398      2.08       2.5      1.05
   189/299     7.31G      2.17      3.35       1.3      6.81       208       416     0.407     0.406     0.367     0.398      2.08       2.5      1.05
   190/299     7.31G      2.16      3.35       1.3      6.81       196       416     0.405     0.406     0.367     0.398      2.07       2.5      1.05
   191/299     7.31G      2.16      3.35      1.29       6.8       135       416     0.407     0.407     0.368     0.399      2.07       2.5      1.05
   192/299     7.31G      2.16      3.34      1.29      6.79       239       416     0.409     0.408     0.368       0.4      2.07       2.5      1.05
   193/299     7.31G      2.16      3.34      1.29      6.79       166       416     0.409     0.408     0.369       0.4      2.07       2.5      1.05
   194/299     7.31G      2.16      3.35      1.29       6.8       163       416     0.407     0.408     0.369     0.399      2.07       2.5      1.05
   195/299     7.31G      2.16      3.34      1.29      6.78       291       416     0.406     0.407      0.37     0.399      2.07       2.5      1.04
   196/299     7.31G      2.15      3.34      1.28      6.78       163       416     0.405     0.408      0.37     0.399      2.07       2.5      1.04
   197/299     7.31G      2.15      3.35      1.28      6.78       143       416     0.405     0.409      0.37     0.399      2.07      2.49      1.04
   198/299     7.31G      2.15      3.34      1.28      6.77       195       416     0.405     0.409      0.37     0.399      2.07      2.49      1.04
   199/299     7.31G      2.15      3.34      1.28      6.76       139       416     0.406     0.409     0.369       0.4      2.07      2.49      1.04
   200/299     7.31G      2.15      3.34      1.27      6.76       197       416     0.406     0.411     0.369       0.4      2.07      2.49      1.04
   201/299     7.31G      2.15      3.34      1.28      6.76       131       416     0.404     0.411     0.369       0.4      2.07      2.49      1.04
   202/299     7.31G      2.14      3.34      1.27      6.75       130       416     0.403      0.41     0.369     0.399      2.07      2.49      1.04
   203/299     7.31G      2.14      3.34      1.27      6.75       199       416     0.405     0.409     0.369     0.399      2.07      2.49      1.04
   204/299     7.31G      2.14      3.33      1.27      6.75       156       416     0.404     0.409     0.369     0.399      2.06      2.49      1.04
   205/299     7.31G      2.14      3.32      1.26      6.72       234       416     0.407      0.41      0.37       0.4      2.06      2.49      1.04
   206/299     7.31G      2.14      3.33      1.27      6.73       180       416     0.406      0.41      0.37       0.4      2.06      2.49      1.04
   207/299     7.31G      2.14      3.34      1.26      6.73       216       416     0.405      0.41      0.37     0.399      2.06      2.49      1.04
   208/299     7.31G      2.13      3.33      1.26      6.73       252       416     0.407      0.41      0.37       0.4      2.06      2.49      1.04
   209/299     7.31G      2.13      3.33      1.26      6.72       141       416     0.407     0.411     0.371     0.401      2.06      2.49      1.04
   210/299     7.31G      2.13      3.33      1.25      6.71       172       416     0.409     0.412     0.372     0.403      2.06      2.49      1.04
   211/299     7.31G      2.13      3.32      1.25       6.7       173       416     0.408     0.412     0.372     0.402      2.06      2.49      1.04
   212/299     7.31G      2.12      3.32      1.25      6.69       199       416     0.408     0.413     0.372     0.403      2.06      2.49      1.04
   213/299     7.31G      2.12      3.33      1.25       6.7       150       416     0.409     0.414     0.372     0.403      2.06      2.49      1.03
   214/299     7.31G      2.12      3.31      1.25      6.68       150       416     0.407     0.413     0.373     0.403      2.06      2.49      1.03
   215/299     7.31G      2.12      3.32      1.24      6.68       167       416     0.406     0.414     0.373     0.402      2.06      2.49      1.03
   216/299     7.31G      2.12      3.31      1.24      6.67       172       416     0.406     0.415     0.373     0.403      2.06      2.49      1.03
   217/299     7.31G      2.11      3.31      1.24      6.67       143       416     0.407     0.416     0.374     0.404      2.06      2.48      1.03
   218/299     7.31G      2.12      3.31      1.24      6.67       222       416     0.408     0.415     0.374     0.404      2.06      2.48      1.03
   219/299     7.31G      2.11      3.31      1.24      6.66       164       416     0.409     0.417     0.375     0.406      2.06      2.48      1.03
   220/299     7.31G      2.11      3.31      1.24      6.66       209       416     0.408     0.417     0.375     0.405      2.05      2.48      1.03
   221/299     7.31G      2.11      3.31      1.23      6.64       196       416     0.409     0.417     0.376     0.405      2.05      2.48      1.03
   222/299     7.31G      2.11      3.31      1.23      6.65       216       416     0.408     0.416     0.376     0.404      2.05      2.48      1.03
   223/299     7.31G       2.1      3.31      1.23      6.64       132       416     0.406     0.415     0.376     0.403      2.05      2.48      1.03
   224/299     7.31G       2.1      3.32      1.22      6.64       226       416     0.406     0.416     0.376     0.404      2.05      2.48      1.03
   225/299     7.31G       2.1       3.3      1.22      6.62       235       416     0.406     0.417     0.376     0.404      2.05      2.48      1.02
   226/299     7.31G       2.1       3.3      1.22      6.62       197       416     0.406     0.417     0.376     0.404      2.05      2.48      1.02
   227/299     7.31G       2.1      3.31      1.22      6.63       138       416     0.405     0.417     0.376     0.404      2.05      2.48      1.02
   228/299     7.31G      2.09      3.31      1.22      6.62       135       416     0.405     0.417     0.376     0.403      2.05      2.48      1.02
   229/299     7.31G       2.1      3.29      1.21       6.6       136       416     0.405     0.418     0.377     0.404      2.05      2.48      1.02
   230/299     7.31G      2.09      3.29      1.21      6.59       179       416     0.404     0.417     0.377     0.403      2.05      2.48      1.02
   231/299     7.31G      2.09       3.3      1.21       6.6       176       416     0.405     0.418     0.377     0.404      2.05      2.48      1.02
   232/299     7.31G      2.09       3.3      1.21       6.6       215       416     0.407     0.418     0.377     0.405      2.05      2.48      1.02
   233/299     7.31G      2.09      3.29      1.21      6.59       183       416     0.407     0.418     0.378     0.405      2.05      2.48      1.02
   234/299     7.31G      2.08      3.29       1.2      6.58       148       416     0.409     0.419     0.378     0.406      2.04      2.48      1.02
   235/299     7.31G      2.08      3.29       1.2      6.57       202       416      0.41      0.42     0.379     0.407      2.04      2.48      1.02
   236/299     7.31G      2.08      3.29       1.2      6.57       145       416     0.407      0.42     0.378     0.406      2.04      2.48      1.02
   237/299     7.31G      2.08       3.3       1.2      6.57       157       416     0.409     0.421     0.379     0.407      2.04      2.48      1.02
   238/299     7.31G      2.08      3.29      1.19      6.56       182       416     0.407      0.42     0.379     0.406      2.04      2.48      1.02
   239/299     7.31G      2.07      3.29      1.19      6.55       251       416      0.41     0.421     0.379     0.408      2.04      2.48      1.01
   240/299     7.31G      2.07      3.28      1.19      6.55       131       416     0.409      0.42     0.379     0.408      2.04      2.48      1.01
   241/299     7.31G      2.07      3.28      1.19      6.53       238       416     0.409     0.422      0.38     0.408      2.04      2.48      1.02
   242/299     7.31G      2.07      3.28      1.18      6.52       179       416     0.409     0.423     0.379     0.408      2.04      2.48      1.01
   243/299     7.31G      2.06      3.27      1.18      6.52       173       416     0.409     0.424      0.38     0.409      2.04      2.48      1.01
   244/299     7.31G      2.06      3.28      1.18      6.53       158       416     0.409     0.425      0.38     0.409      2.04      2.47      1.01
   245/299     7.31G      2.06      3.27      1.18      6.51       184       416     0.409     0.424      0.38     0.409      2.04      2.47      1.01
   246/299     7.31G      2.06      3.27      1.17      6.51       147       416      0.41     0.425     0.381      0.41      2.04      2.47      1.01
   247/299     7.31G      2.06      3.27      1.17      6.49       218       416     0.409     0.424     0.381     0.409      2.04      2.47      1.01
   248/299     7.31G      2.05      3.27      1.17       6.5       225       416     0.409     0.426     0.382      0.41      2.04      2.47      1.01
   249/299     7.31G      2.05      3.27      1.17      6.49       143       416     0.409     0.426     0.382      0.41      2.04      2.47      1.01
   250/299     7.31G      2.05      3.28      1.17       6.5       217       416     0.408     0.426     0.382      0.41      2.04      2.47      1.01
   251/299     7.31G      2.05      3.26      1.17      6.48       137       416     0.408     0.426     0.382     0.409      2.04      2.47      1.01
   252/299     7.31G      2.05      3.26      1.16      6.48       198       416     0.408     0.426     0.382     0.409      2.03      2.47      1.01
   253/299     7.31G      2.05      3.27      1.16      6.48       159       416     0.406     0.426     0.382     0.409      2.03      2.47      1.01
   254/299     7.31G      2.04      3.27      1.16      6.47       184       416     0.405     0.426     0.382     0.408      2.03      2.47         1
   255/299     7.31G      2.04      3.26      1.16      6.47       216       416     0.405     0.426     0.382     0.408      2.03      2.47         1
   256/299     7.31G      2.04      3.27      1.16      6.47       186       416     0.405     0.427     0.383     0.408      2.03      2.47         1
   257/299     7.31G      2.04      3.26      1.15      6.45       114       416     0.406     0.427     0.383     0.409      2.03      2.47         1
   258/299     7.31G      2.04      3.26      1.15      6.45       166       416     0.407     0.428     0.383      0.41      2.03      2.47         1
   259/299     7.31G      2.04      3.25      1.15      6.44       141       416     0.407     0.428     0.383      0.41      2.03      2.47         1
   260/299     7.31G      2.04      3.25      1.15      6.43       149       416     0.405     0.427     0.383     0.409      2.03      2.47         1
   261/299     7.31G      2.03      3.25      1.14      6.42       162       416     0.406     0.427     0.383      0.41      2.03      2.47         1
   262/299     7.31G      2.03      3.25      1.14      6.42       119       416     0.406     0.427     0.384      0.41      2.03      2.47         1
   263/299     7.31G      2.03      3.25      1.14      6.42       149       416     0.407     0.428     0.384      0.41      2.03      2.47         1
   264/299     7.31G      2.03      3.25      1.14      6.42       163       416     0.408     0.428     0.384     0.411      2.03      2.47         1
   265/299     7.31G      2.03      3.25      1.14      6.41       210       416     0.408     0.429     0.384     0.411      2.03      2.47     0.999
   266/299     7.31G      2.03      3.25      1.13       6.4       152       416     0.407     0.429     0.385     0.411      2.03      2.47     0.999
   267/299     7.31G      2.02      3.24      1.13       6.4       229       416     0.407     0.429     0.384     0.411      2.03      2.47     0.999
   268/299     7.31G      2.02      3.24      1.13       6.4       206       416     0.407     0.429     0.385     0.411      2.03      2.47         1
   269/299     7.31G      2.02      3.24      1.13      6.39       173       416     0.407     0.429     0.384     0.411      2.03      2.47         1
   270/299     7.31G      2.02      3.24      1.13      6.39       189       416     0.408     0.429     0.385     0.412      2.03      2.47     0.999
   271/299     7.31G      2.01      3.24      1.12      6.38       203       416     0.408     0.429     0.385     0.412      2.02      2.47     0.998
   272/299     7.31G      2.02      3.24      1.12      6.38       155       416     0.407     0.429     0.384     0.411      2.02      2.46     0.997
   273/299     7.31G      2.02      3.24      1.12      6.38       175       416     0.408     0.429     0.385     0.412      2.02      2.46     0.996
   274/299     7.31G      2.01      3.24      1.12      6.37       206       416     0.409     0.429     0.386     0.412      2.02      2.46     0.996
   275/299     7.31G      2.01      3.23      1.12      6.36       174       416     0.409      0.43     0.386     0.413      2.02      2.46     0.996
   276/299     7.31G      2.01      3.24      1.12      6.36       170       416      0.41      0.43     0.385     0.413      2.02      2.46     0.996
   277/299     7.31G      2.01      3.24      1.12      6.36       134       416      0.41      0.43     0.386     0.413      2.02      2.46     0.996
   278/299     7.31G      2.01      3.23      1.11      6.35       149       416     0.409     0.429     0.386     0.412      2.02      2.47     0.995
   279/299     7.31G      2.01      3.24      1.11      6.35       211       416     0.409     0.429     0.385     0.412      2.02      2.47     0.995
   280/299     7.31G         2      3.24      1.11      6.35       166       416     0.408     0.428     0.385     0.411      2.02      2.47     0.994
   281/299     7.31G         2      3.23      1.11      6.35       198       416     0.409      0.43     0.385     0.412      2.02      2.47     0.994
   282/299     7.31G         2      3.23      1.11      6.34       180       416     0.408      0.43     0.386     0.412      2.02      2.47     0.993
   283/299     7.31G         2      3.23      1.11      6.33       156       416     0.407      0.43     0.385     0.411      2.02      2.46     0.994
   284/299     7.31G         2      3.22      1.11      6.33       133       416     0.406     0.429     0.386     0.411      2.02      2.46     0.993
   285/299     7.31G         2      3.22      1.11      6.32       201       416     0.406     0.428     0.386      0.41      2.02      2.46     0.993
   286/299     7.31G         2      3.22      1.11      6.33       242       416     0.406      0.43     0.386     0.411      2.02      2.46     0.993
   287/299     7.31G         2      3.23       1.1      6.32       132       416     0.406      0.43     0.386     0.411      2.02      2.46     0.993
   288/299     7.31G         2      3.22       1.1      6.33       131       416     0.406      0.43     0.386     0.411      2.02      2.46     0.992
   289/299     7.31G         2      3.22       1.1      6.32       182       416     0.405      0.43     0.386      0.41      2.02      2.46     0.992
   290/299     7.31G      1.99      3.23       1.1      6.33       184       416     0.405      0.43     0.386      0.41      2.02      2.46     0.992
   291/299     7.31G      1.99      3.22       1.1      6.31       212       416     0.404      0.43     0.386      0.41      2.02      2.46     0.992
   292/299     7.31G      1.99      3.22       1.1      6.31       145       416     0.404     0.429     0.386      0.41      2.02      2.46     0.992
   293/299     7.31G      1.99      3.22       1.1      6.31       166       416     0.405      0.43     0.386      0.41      2.02      2.46     0.992
   294/299     7.31G         2      3.23       1.1      6.32       137       416     0.404     0.429     0.386      0.41      2.02      2.46     0.992
   295/299     7.31G      1.99      3.23       1.1      6.32       189       416     0.403      0.43     0.386      0.41      2.02      2.46     0.992
   296/299     7.31G      1.99      3.22       1.1      6.31       132       416     0.403      0.43     0.386      0.41      2.02      2.46     0.992
   297/299     7.31G      1.99      3.21       1.1       6.3       167       416     0.403      0.43     0.387      0.41      2.02      2.46     0.991
   298/299     7.31G      1.99      3.22       1.1      6.31       183       416     0.403      0.43     0.387      0.41      2.01      2.46      0.99
